0111111111111110
	1010111111111110
		1011110111011110
			1111010101011110
				1010011101011110
					1010111001001110
						1000011101001110
							1010001100001110
								0000011100001110
									0000010010001110
										0000010010010010
											0000000000011010
												0000000000000110
													0000000000001000
									0001011000000110
										0100010000000110
											0100010000001000
										0000010000100110
											0000010000101000
										0001011000001000
										0000110000001010
											0001000000001010
												0000000000100010
									0000011100010010
										0000111000000010
											0001001000000010
												0100000000000010
								1011001000000110
									1110000000000110
										0011000000000110
											0011000000001000
										1110000000001000
									1010000000100110
										1010000000101000
									1011001000001000
								1010000010001110
									1010010000000110
										1000000001000110
											1000010000000100
											1000000001001000
										1010010000001000
									1010100000001010
										1000000100001010
											1001000000000010
									1010000010010010
								1010001100010010
									1010101000000010
										1000001100000010
											1000000010000010
							1001011001000110
								1100010001000110
									0001010001000110
										0001010001001000
									1100010001001000
										1100000000001010
								1000010001100110
									1000010001101000
										1000000000101010
								1001011001001000
									1001001000001010
							1000010011001110
								1000110001001010
									1001000001001010
										1001010000001000
								1000010100001110
									1001010000000110
									1000010100010010
										1000110000000010
								1000010011010010
									1000000001011010
										1000010000011000
											1000010000100000
										1000000001100010
							1000011101010010
								1000111001000010
									1001001001000010
										1100000001000010
											0001000001000010
												0001010000000000
											1100010000000000
										1001011000000000
						1011001001001110
							1110000001001110
								0011000001001110
									0011010000001100
										1001000000001100
											1001000000010000
										0001000001001100
											0001000001010000
										0011010000010000
										0011010000000010
									0011000001010010
								0100010001001110
									0110000000001110
										0110000000010010
									0100010001010010
								1110010000001100
									1100000001001100
										1100000001010000
									1110010000010000
									1110010000000010
								1110000001010010
							1010000001101110
								0000010001101110
									0010000000101110
										0010000000110010
											0010000000001010
									0000010001110010
										0000010001001010
								1010010000101100
									1000000001101100
										1000000001110000
									1010010000110000
									1010010000100010
								1010000001110010
									1010000001001010
							0001011001001110
								0011001000001110
									0011001000010010
								0001011001010010
							1011011000001100
								1001001001001100
									1001001001010000
								1011011000010000
								1011011000000010
							1011001001010010
						1010111001010010
					1011011001010110
						1110010001010110
							0011010001010110
								1001000001010110
									1001010000010100
									1001000001011000
										1001000001100000
										1001000001000100
								0011010001011000
									0011000000011010
										0011000000100010
									0011010001100000
									0011010001000100
							1110010001011000
								1110000000011010
									0100010000011010
										0100010000100010
									1110000000100010
								1110010001100000
								1110010001000100
						1010010001110110
							1010010001001110
								1010010001010010
							1010010001111000
								1010000000111010
									0000010000111010
								1010010001100100
						1011011001011000
							1011001000011010
								0001011000011010
									0001011000100010
								1011001000100010
							1011011001100000
							1011011001000100
					1010010011011110
						1010110001011010
							1000010101011010
								1010000100011010
									0000010100011010
										0001010000010010
										0000010100100010
										0000010100000110
											0000010100001000
									1011000000010010
									1010000100100010
									1010000100000110
										1010000100001000
											1011000000000000
								1001010001010010
								1000010101100010
								1000010101000110
									1000010101001000
										1001010001000000
							1011000001011010
								0001010001011010
									0001010001100010
								1011010000011000
									1011010000100000
									1011010000000100
								1011000001100010
								1011000001000110
									1011000001001000
							1010110001100010
							1010110001000110
								1010110001001000
						1010010100011110
							1010110000001110
								1000100001001110
									1000110000001100
										1000110000010000
									1000100001010010
								1011000000001110
									0001010000001110
								1010110000010010
							1000000101011110
								1000010100011100
									1000010100100100
								1000000101100110
									1000000101101000
							1011010000010110
							1010010100100110
								1010010100101000
						1010010011100110
							1010010011101000
								1010000010101010
									0000010010101010
					1010011101100110
						1011010101000110
							1011010101001000
								1011000100001010
									0001010100001010
						1010011101101000
							1010001100101010
								0000011100101010
				1111110001001110
					1101010101001110
						1111000100001110
							0101010100001110
								0101010100010010
									0101110000000010
										0001010010000010
							1111000100010010
								1111100000000010
									1101000100000010
									1011000010000010
						1101010101010010
							1101110001000010
								1001010011000010
									1001010100000010
										1000010000001010
							1100010001011010
								1100010001100010
					1011010011001110
						1011110001001010
							1001010101001010
						1011010100001110
							1001000101001110
								1001010100001100
									1001010100010000
										1001110000000000
								1001000101010010
									1001100001000010
										1000010001000010
											1010000000000010
												0000010000000010
							1011010100010010
								1011110000000010
								1010010000011010
						1011010011010010
					1111110001010010
				1111010101100110
					1110010001101110
						0011010001101110
							1001000001101110
								1001010000101100
									1001010000110000
									1001010000100010
								1001000001110010
							0011010001110010
								0011010001001010
						1110010001110010
							1110010001001010
					1111010101101000
						1111000100101010
							0101010100101010
								1000010100101010
			1011111001011110
				1110110001011110
					0011110001011110
						0001010101011110
							0001110001001110
								0011100000001110
									0001000100001110
										0001000100010010
											0001100000000010
									0010010000001110
										1000000000001110
											1000000000010010
										0000000001001110
											0000010000001100
												0000010000010000
											0000000001010010
										0010010000010010
									0011100000010010
								0001110001010010
							0011000100011110
								0011000100100110
									0011000100101000
							0001010101100110
								0001010101101000
									0001000100101010
						1001100001011110
							1001110000011100
								1001110000100100
								1001110000010010
							1000010001011110
								1010000000011110
									0000010000011110
							1001100001100110
								1001100001101000
						0011110001100110
							0011110001101000
								0011100000101010
									0010010000101010
										0000000001101010
					1100010101011110
						1100110001001110
							1110100000001110
								1100000100001110
									1101000000000110
										1000001000000110
											1000001000001000
										1101000000001000
									1100000100010010
										1100100000000010
								0100110000001110
									0101000000001110
										0000001000001110
											0000001000010010
										0101000000010010
									0100110000010010
								1110100000010010
							1101000001001110
								1000001001001110
									1000011000001100
										1000011000010000
										1000011000000010
									1000001001010010
								1101010000001100
									1101010000010000
									1101010000000010
								1101000001010010
							1100110001010010
						1110000100011110
							0100010100011110
								0101010000010110
									1000010000010110
									0000011000010110
										0000011000011000
											0000011000100000
											0000011000000100
									0101010000011000
										0101010000100000
										0101010000000100
								0100010100100110
									0100010100101000
							1111000000010110
								1010001000010110
									1010001000011000
										1010001000100000
										1010001000000100
								1111000000011000
									1111000000100000
									1111000000000100
							1110000100100110
								1110000100101000
						1101010001010110
							1000011001010110
								1000011001011000
									1000001000011010
										1000001000100010
									1000011001100000
									1000011001000100
							1101010001011000
								1101000000011010
									1101000000100010
								1101010001100000
								1101010001000100
						1100010101100110
							1100010101101000
								1100000100101010
					1111000001011110
						1010001001011110
							0000011001011110
								0010001000011110
									0010001000100110
										0010001000101000
								0000011001100110
									0000011001101000
										0000001000101010
							1010011000011100
								1000001001011100
									1000001001100100
								1010011000100100
								1010011000010010
							1010001001100110
								1010001001101000
						0101010001011110
							0111000000011110
								0111000000100110
									0111000000101000
							0101010001100110
								0101010001101000
									0101000000101010
						1111010000011100
							1101000001011100
								1101000001100100
							1111010000100100
							1111010000010010
						1111000001100110
							1111000001101000
					1110110001100110
						1110110001101000
							1110100000101010
								0100110000101010
				1010110001111110
					1000010101111110
						1000110001101110
							1010100000101110
								1000000100101110
									1001000000100110
										1001000000101000
									1000000100110010
										1000100000100010
								0000110000101110
									0001000000101110
										0001000000110010
									0000110000110010
								1010100000110010
							1000110001110010
						1010000100111110
							0000010100111110
								0001010000110110
									0001010000111000
										0001010000100100
							1011000000110110
								1011000000111000
									1011000000100100
						1001010001110110
							1001010001001110
							1001010001111000
								1001000000111010
								1001010001100100
					1011000001111110
						0001010001111110
							0011000000111110
						1011010000111100
							1001000001111100
							1011010000110010
								1011010000001010
				1001011101011110
					1001111001001110
						1011101000001110
							1001001100001110
								1001000010001110
									1001100000001010
									1001000010010010
								1001001100010010
									1001101000000010
							0001111000001110
								0001111000010010
							1010011000001110
							1011101000010010
						1001111001010010
					1011001100011110
						0001011100011110
							0001010010011110
								0001110000011010
									0001110000100010
									0001110000000110
										0001110000001000
								0001010010100110
									0001010010101000
							0001011100100110
								0000011000101110
									0000011000110010
										0000011000001010
								0001011100101000
						1011000010011110
							1011100000011010
								1001000100011010
									1001000100100010
									1001000100000110
										1001000100001000
								1011100000100010
								1011100000000110
									1011100000001000
							1011000010100110
								1011000010101000
						1011001100100110
							1010001000101110
								1010001000110010
									1010001000001010
							1011001100101000
					1001010011011110
						1001110001011010
							1001110001100010
							1001110001000110
								1001110001001000
						1001010100011110
							1001110000001110
							1001010100100110
								1000010000101110
									1000010000110010
								1001010100101000
						1001010011100110
							1001010011101000
								1001000010101010
					1001011101100110
						1000011001101110
							1000011001110010
								1000011001001010
						1001011101101000
							1001001100101010
				1011111001100110
					1011111001101000
						1011101000101010
							0001111000101010
							1010011000101010
								1000001001101010
									1000011000101000
			1011110111100110
				1011010011110110
					1011110001110010
						1001010101110010
							1011000100110010
								0001010100110010
							1000010001111010
					1011010100110110
						1011110000100110
							1011110000101000
						1001000101110110
							1001010100110100
								1000010000111100
							1000000001111110
							1001000101111000
								1001000101100100
						1010010000111110
						1011010100111000
							1011010100100100
					1011010011111000
						1011000010111010
							0001010010111010
						1011010011100100
							1011000001101100
								0001010001101100
									0011000000101100
										0011000000110000
									0001010001110000
								1011000001110000
							1011110001100000
								1001010101100000
									1011000100100000
										0001010100100000
				1011100101101110
					0001110101101110
						0011100100101110
							0010010100101110
								0000000101101110
									0000010100101100
										0000010100110000
											0000110000100000
												0001000000100000
									0001000001100110
										0001000001101000
									0000000101110010
										0000100001100010
										0000000101001010
								0011010000100110
									0011010000101000
								0010010100110010
									0010110000100010
									0010010100001010
							0011100100110010
								0010100000111010
									0000000100111010
										0000100000101010
										0000000100100110
											0000000100101000
									0010100000100110
										0010100000101000
								0011100100001010
						0001110101110010
							0000110001111010
								0001000001111010
								0000110001100110
									0000110001101000
							0001110101001010
					1011110100101100
						1001100101101100
							1000010101101100
								1010000100101100
									1010000100110000
										1010100000100000
											1000000100100000
								1000010101110000
									1000110001100000
							1001100101110000
								1000100001111000
									1000100001100100
								1001100101001000
							1001100101100010
								1001110100100000
									1000110000101000
								1000100001101010
						1011110100110000
							1010110000111000
								1000010100111000
								1010110000100100
							1011110100001000
						1011110100100010
							1010110000101010
								1011000000101010
									0001010000101010
					1010010101101110
						1011010001100110
							1011010001101000
						1010010101110010
							1010010101001010
								1011010001000010
					1011100101110010
						1010100001111010
							1000000101111010
							1010100001100110
								1010100001101000
						1011100101001010
				1010110011101110
					1000010111101110
						1010000110101110
							0000010110101110
								0000110100101010
								0000010110110010
									0000110010100010
										0001000010100010
									0000010110001010
							1010100100101010
							1010000110110010
								1010100010100010
									1000000110100010
								1010000110001010
									1010010100000010
										1000000101000010
											1000010100000000
						1000110101101010
							1010010001101010
							1001000101101010
						1000010111110010
							1000110011100010
								1001000011100010
									1001010010100000
								1000110100100010
							1000010111001010
					1011000011101110
						0001010011101110
							0011000010101110
								0011000010110010
									0011000010001010
							0001110001101010
							0001010100101110
							0001010011110010
								0001010011001010
						1011010010101100
							1001000011101100
								1001000100101100
									1001000100110000
										1001100000100000
										1000000000111000
											1000000000100100
								1001000011110000
									1001000011001000
							1011010010110000
								1011010010001000
							1011010010100010
						1011100001101010
						1011000100101110
						1011000011110010
							1011000011001010
					1010110100101110
						1000100101101110
							1000110100101100
								1000110100110000
									1000110100001000
							1000100101110010
								1000100101001010
						1010110100110010
							1010110100001010
					1010110011110010
						1010110011001010
				1011110111101000
					1011100110101010
						0001110110101010
							0011010010101010
								0001000011101010
						1010010110101010
							1000000111101010
								1000010110101000
					1011010101101100
						1011010101110000
						1011010101100010
		1110011101111110
			0011011101111110
				0110010101111110
					0110110001101110
						0100010101101110
							0110000100101110
								0110000100110010
									0110100000100010
										0100000100100010
										0010000010100010
									0110000100001010
										0111000000000010
											0010001000000010
							0100010101110010
								0100110001100010
									0000010011100010
									0101000001100010
										0000001001100010
								0100010101001010
									0101010001000010
										0000011001000010
						1100100001101110
							0001100001101110
								0001110000101100
									0001110000110000
								0001100001110010
									0001100001001010
							1100110000101100
								1000010010101100
									1000010010110000
										1000010010001000
									1000010010100010
								1101000000101100
									1000001000101100
										1000001000110000
									1101000000110000
								1100110000110000
									1100110000001000
								1100110000100010
							1000000011101110
								1000000011110010
									1000000011001010
							1100100001110010
								1100100001001010
						0010010011101110
							0010110001101010
								0000010101101010
									0010000100101010
								0011000001101010
							0010010011110010
								0010000001111010
									0010010000111000
										0000000001111000
											0000000001100100
										0010010000100100
									0010000001100110
										0010000001101000
								0010010011001010
						0111000001101110
							0010001001101110
								0010011000101100
									0000001001101100
										0000001001110000
											0000001001001000
									0010011000110000
										0010011000001000
									0010011000100010
								0010001001110010
									0010001001001010
							0111010000101100
								0101000001101100
									0101000001110000
										0101000001001000
								0111010000110000
									0111010000001000
								0111010000100010
							0111000001110010
								0111000001001010
						0110110001110010
							0110110001001010
					1100000101111110
						0001000101111110
							0001010100111100
						1100010100111100
							1101010000110100
								1000011000110100
							1100010100110010
								1100010100001010
						1101000001110110
							1000001001110110
								1000001001111000
							1101000001111000
					0111010001110110
						0010011001110110
							0010011001001110
								0010011001010010
							0010011001111000
								0010001000111010
								0010011001100100
						0111010001001110
							0111010001010010
						0111010001111000
							0111000000111010
							0111010001100100
				0011111001101110
					0001011101101110
						0011001100101110
							0011001100110010
								0011101000100010
									0001001100100010
								0011001100001010
						0001011101110010
							0001111001100010
							0000011001111010
							0001011101001010
					1001101001101110
						1001111000101100
							1001111000110000
								1001111000001000
							1001111000100010
						1001101001110010
							1001101001001010
					0011111001110010
						0011111001001010
				1001001101111110
					1001011100111100
						1001010010111100
							1001110000111000
							1001010010110010
								1001010010001010
						1001011100110010
							1000011000111010
								1001010000011010
								1000011000100110
							1001011100001010
					1001000011111110
						1001100001111010
						1001000100111110
							1001100000101110
								1001100000110010
				0011010011111110
					0011110001111010
						0001010101111010
							0011000100111010
					0011010100111110
						0011110000101110
							0011110000110010
								0011110000001010
			1110111001101110
				1100011101101110
					1110001100101110
						0100011100101110
							0101011000100110
								0101011000101000
							0100010010101110
								0100010010110010
									0100000000111010
										0100000000100110
											0100000000101000
									0100010010001010
							0100011100110010
								0100111000100010
									0000011010100010
									0101001000100010
								0100011100001010
									0101011000000010
						1111001000100110
							1111001000101000
						1110000010101110
							1110010000100110
								1100000001100110
									1100010000100100
									1100000001101000
								1110010000101000
							1110000010110010
								1110000010001010
						1110001100110010
							1110101000100010
								1100001100100010
									1100000010100010
								1010001010100010
							1110001100001010
								1111001000000010
					1101011001100110
						1101011001101000
							1101001000101010
					1100010011101110
						1100110001101010
							1000010011101010
							1101000001101010
								1101010000101000
						1100010100101110
							1101010000100110
						1100010011110010
							1100000001111010
								1100010000111000
							1100010011001010
					1100011101110010
						1100111001100010
							1000011011100010
								1000011100100010
							1101001001100010
								1101011000100000
						1100011101001010
							1101011001000010
				1010011011101110
					1010111001101010
						1000011101101010
							1001011001100010
						1011001001101010
							1110000001101010
								0100010001101010
									0110000000101010
							0001011001101010
								0011001000101010
							1011011000101000
								1001001001101000
					1010011100101110
						1000001101101110
							1000011100101100
								1001011000100100
								1000011100110000
									1000111000100000
										1001001000100000
											1100000000100000
									1000011100001000
							1001001001100110
							1000001101110010
								1000101001100010
								1000001101001010
						1011011000100110
						1010010010101110
							1010010010110010
								1010010010001010
						1010011100110010
							1010111000100010
							1010011100001010
					1010011011110010
						1010001001111010
							1010011000111000
						1010011011001010
				1111001001101110
					0101011001101110
						0111001000101110
							0111001000110010
								0111001000001010
						0101011001110010
							0101011001001010
					1111011000101100
						1101001001101100
							1101001001110000
								1101001001001000
						1111011000110000
							1111011000001000
						1111011000100010
					1111001001110010
						1111001001001010
				1110111001110010
					1110111001001010
			1111011001110110
				1111011001001110
					1111011001010010
				1111011001111000
					1111001000111010
						0101011000111010
					1111011001100100
			1110010011111110
				1110110001111010
					1100010101111010
						1110000100111010
							0100010100111010
								0101010000110010
									0101010000001010
							1111000000110010
								1111000000001010
						1101010001110010
							1101010001001010
					1010010011111010
						1010010100111010
					1111000001111010
						0101010001111010
						1111010000111000
				1110010100111110
					1110110000101110
						1111000000101110
							0101010000101110
						1110110000110010
							1110110000001010
					1111010000110110
						1010011000110110
						1111010000001110
		1011111011110110
			1110110011110110
				0011110011110110
					0001010111110110
						0001110011100110
							0011100010100110
								0001000110100110
									0001100100100010
									0000000010101110
										0000000010110010
											0000000010001010
									0001001000100110
										0001001000101000
									0001000110101000
								0010010010100110
									1000000010100110
										1000000010101000
									0000000011100110
										0000010010100100
											0000000000101100
												0000000000110000
										0000000011101000
											0000010001100000
												0010000000100000
									0010010010101000
								0011100010101000
									0011110000100000
										0001100001100000
							0001110100100110
								0001110100101000
							0001110011101000
								0001100010101010
						0011000110110110
							0010000010111110
								0010010000110110
									1000000000110110
									0000000001110110
										0000010000110100
							0011001000110110
								0110000000110110
									0110000000111000
										0110000000100100
								0011001000111000
									0011001000100100
							0011000001110110
								0011010000110100
									1001000000110100
									0001000001110100
								0011000001111000
									0011000001100100
							0011000110001110
								0011010100000110
									0001000101000110
										0001010100000100
										0001000101001000
									0011010100001000
								0011000110010010
									0011100010000010
										0001000110000010
										0010010010000010
											0000000011000010
												0000010010000000
												0000000100000010
									0010000010011010
										0010000010000110
											0010100000000010
											0010000010001000
												0010010000000000
													1000000000000000
													0000000001000000
							0011000110111000
								0011010100110000
									0001000101110000
								0011000110100100
									0011100100100000
										0010010100100000
											0000000101100000
									0010000010101100
										0010000010110000
						0000010011111110
						0001011001110110
							0100010001110110
								0100010001111000
									0100010001100100
							0001011001111000
								0001001000111010
								0001011001100100
						0001010111001110
							0001010111010010
								0001110011000010
									0001110100000010
								0001000101011010
									0001010100011000
									0001000101100010
								0000010011011010
									0000010011000110
										0000110001000010
										0000010011001000
						0001010111111000
							0001000110111010
							0001010111100100
								0001000101101100
								0001110101100000
								0000010011101100
									0000010011110000
					0011100001111110
						0011110000111100
							1001100000111100
							0001100001111100
								0000010001111100
									0010000000111100
									0000000000111110
						0010010001111110
					1001100011110110
						1001110010110100
							1001110010001100
								1001110010010000
									1001100000011000
										1001100000000100
								1001110010000010
						1000010011110110
							1010000010110110
								0000010010110110
									0000010010111000
								1010000010111000
									1010000010100100
							1000010100110110
								1000110000100110
							1000010011111000
								1000000010111010
								1000010011100100
						1001100100110110
							1000100000111110
							1001100100001110
								1001000000011110
								1001100100010010
									1000100000011010
										1000100000000110
											1000100000001000
							1001100100111000
								1001100100100100
									1000100000101100
										1000100000110000
						1001100011001110
							1001100011010010
						1001100011111000
							1001110001110000
								1011100000110000
							1001100011100100
					0011110100110110
						0001100101110110
							0001110100110100
								0000110000111100
									0001000000111100
								0001110100001100
									0001010000011100
									0001110100010000
										0000110000011000
											0001000000011000
												0001000000000100
											0000110000000100
							0000100001111110
							0000010101110110
								0010000100110110
									0010000100001110
										0010000100010010
									0010000100111000
										0010000100100100
								0000010101001110
									0000010101010010
								0000010101111000
									0000010101100100
							0001100101001110
								0001000001011110
								0001100101010010
									0000100001011010
										0000100001000110
											0000100001001000
							0001100101111000
								0001100101100100
									0000100001101100
										0000100001110000
						0010110000111110
						0011110100001110
							0011010000011110
							0011110100010010
								0010110000011010
									0010110000000110
										0010110000001000
						0011110100111000
							0011110100100100
								0010110000101100
									0010110000110000
					0011110011001110
						0011110011010010
							0011100001011010
								0011110000011000
									0001100001011000
										0000010001011000
											0010000000011000
												0010000000000100
											0000010001000100
										0001100001000100
									0011110000000100
								0010010001011010
									0010010001100010
									0010010001000110
										0010010001001000
								0011100001100010
								0011100001000110
									0011100001001000
					0011110011111000
						0011100010111010
							0010010010111010
								0000000011111010
						0011010001111100
						0011110011100100
							0011100001101100
								0010010001101100
									0010010001110000
								0011100001110000
				1100010111110110
					1100110011100110
						1110100010100110
							1100000110100110
								1100100100100010
									1100000000110010
								1100001000100110
									1100001000101000
								1100000110101000
									1100010100100000
									1101000010100000
										1000001010100000
											1001000010000000
							0100110010100110
								0100100000101110
									0100100000110010
										0100100000001010
								0101000010100110
									0000001010100110
										0001000010000110
											0001000010001000
										0000101000100010
										0000001010101000
									0101100000100010
									0101000010101000
								0100110010101000
									0100010000101100
										0100010000110000
							1110100010101000
								1110110000100000
									1100100001100000
										1000000011100000
									1010010010100000
								1110000000101100
									1110000000110000
						1101000011100110
							1000001011100110
								1001000011000110
									1001010010000100
								1000011010100100
								1000001100100110
									1000001100101000
								1000001011101000
							1101010010100100
								1101110000100000
							1101100001100010
							1101000100100110
								1100000000101110
								1101000100101000
							1101000011101000
						1100110100100110
							1100010000110110
								1100010000001110
									1100010000010010
							1000010110100110
							1100110100101000
						1100110011101000
							1100100010101010
							1100010001101100
								1100010001110000
					1110000110110110
						0100010110110110
							0100000100111110
								0101000000110110
									0000001000110110
										0001000000010110
										0000001000111000
											0000001000100100
									0101000000111000
										0101000000100100
							0100110100110010
								0110010000110010
									0100000001110010
										0100000001001010
									0110010000001010
								0101000100110010
									0000001100110010
										0000001100001010
									0101000100001010
								0100110100001010
							0100011000110110
								0100011000001110
									0100011000010010
								0100011000111000
									0100011000100100
							0100010110001110
								0101010010000110
									1000010010000110
									0000011010000110
										0000011010001000
									0101010010001000
								0100010110010010
									0100110010000010
										0101000010000010
											0000001010000010
									0100000100011010
										0100000100000110
											0100000100001000
												0101000000000000
													0000001000000000
							0100010110111000
								0101010010110000
									0000011010110000
										0001010010010000
								0100010110100100
									0100000100101100
										0100000100110000
											0100100000100000
												0000000010100000
									0100110100100000
										0110010000100000
											0100000001100000
										0000010110100000
										0101000100100000
											0000001100100000
												0001000100000000
						1110100100110010
							1110100100001010
						1110001000110110
							1110001000001110
								1110001000010010
							1110001000111000
								1110001000100100
						1110000001110110
							1110010000110100
								1100000001110100
							1110000001111000
								1110000001100100
						1110000110001110
							1110010100000110
								1100000101000110
									1100010100000100
									1100000101001000
										1101000001000000
											1000001001000000
								1110010100001000
									1111010000000000
										1010011000000000
							1111000010000110
								1010001010000110
									1010001010001000
								1111000010001000
							1110000110010010
								1110100010000010
									1100000110000010
										1100001000000010
						1110000110111000
							1110010100110000
								1100000101110000
							1111000010110000
								1010001010110000
									1011000010010000
							1110000110100100
								1110100100100000
									1010000110100000
										1010000001100000
					1100110101110010
						1101000101110010
							1101010100110000
								1101010100001000
							1101000101001010
						1100110101001010
					1100011001110110
						1100011001001110
							1100011001010010
						1100011001111000
							1100001000111010
							1100011001100100
					1100010111001110
						1101010011000110
							1000011011000110
								1000011100000110
								1000011011001000
									1000001010001010
							1101010100000110
							1101010011001000
								1101000010001010
						1100010111010010
							1100110011000010
								1101000011000010
									1000001011000010
										1000011010000000
									1101010010000000
								1100110100000010
									1000010110000010
							1100000101011010
								1100010100011000
								1100000101100010
					1100010111111000
						1100000110111010
							1101000010110010
								1000001010110010
						1101010011110000
							1000011011110000
								1001010011010000
						1100010111100100
							1100000101101100
							1100110101100000
								1000010111100000
								1101000101100000
									1000001101100000
										1001000101000000
				1110100001111110
					0100110001111110
						0110100000111110
						0101000001111110
							0000001001111110
								0000011000111100
							0101010000111100
					1110110000111100
						1100100001111100
							1000000011111100
								1000010001110100
									1010000000110100
										1010000000001100
											1010000000010000
									1000010001001100
										1000010001010000
								1000000100111100
						1010010010111100
						1111000000111100
							1010001000111100
								1011000000011100
					1010000011111110
				1111000011110110
					1010001011110110
						1011000011010110
							0001010011010110
								0011000010010110
									0011000010011000
										0011000010100000
										0011000010000100
											0011100000000000
								0001010100010110
								0001010011011000
									0001000010011010
									0001010011100000
									0001010011000100
										0001110001000000
							1011010010010100
								1001000011010100
									1001100001010000
									1001000100010100
										1000000000011100
								1011110000010000
							1011100001010010
							1011000100010110
								1011000100011000
									1011000100000100
							1011000011011000
								1011010001010000
								1011000011100000
								1011000011000100
									1011100001000000
										1010010001000000
						0000011011110110
							0010001010110110
								0010101000110010
									0010101000001010
								0010001010001110
									0010011000000110
										0000001001000110
									0010001010010010
								0010001010111000
									0010001010100100
										0010101000100000
							0000111001110010
								0001001001110010
									0001011000110000
									0001001001001010
								0000111001001010
							0000011100110110
								0000111000100110
									0000111000101000
								0000011100111000
									0000011100100100
							0000011011001110
								0000011011010010
									0000001001011010
							0000011011111000
								0000001010111010
								0000011011100100
									0000111001100000
										0001001001100000
						1010011010110100
							1000001011110100
								1000101001110000
									1000101001001000
								1000001100110100
									1000101000100100
									1000000010110100
										1000000010001100
											1000000010010000
									1000001100001100
										1001001000000100
											1100000000000100
										1000001100010000
											1000101000000000
								1000001011001100
									1000001011010000
							1010111000110000
								1011001000110000
								1010111000001000
							1010011010001100
								1010011010010000
								1010011010000010
						1010101001110010
							1010101001001010
						1010001100110110
							1010101000100110
								1010101000101000
							1010001100111000
								1010001100100100
						1010001011001110
							1010011001000110
								1010011001001000
							1010001011010010
						1010001011111000
							1010011001110000
							1010001011100100
								1010101001100000
					0101010011110110
						0111000010110110
							0111100000110010
								0111100000001010
							0111000010001110
								0111010000000110
									0101000001000110
								0111000010010010
							0111000010111000
								0111000010100100
									0111100000100000
						0101110001110010
							0101110001001010
						0101010100110110
							0101110000100110
								0101110000101000
							0100010000111110
							0101010100111000
								0101010100100100
						0101010011001110
							0101010011010010
								0101000001011010
						0101010011111000
							0101000010111010
							0101010011100100
								0101110001100000
					1111010010110100
						1101000011110100
							1101100001110000
								1101100001001000
							1101000100110100
								1101100000100100
									1001000010100100
								1100000000111100
								1101000100001100
									1101000100010000
										1101100000000000
										1100000000011000
							1101000011001100
								1101000011010000
						1111110000110000
							1111110000001000
						1111010010001100
							1111010010010000
							1111010010000010
					1111100001110010
						1111100001001010
					1111000100110110
						1111100000100110
							1111100000101000
						1110000000111110
						1111000100111000
							1111000100100100
					1111000011001110
						1111010001000110
							1111010001001000
						1111000011010010
					1111000011111000
						1111010001110000
						1111000011100100
							1111100001100000
				1110110100110110
					1100100101110110
						1100110100110100
							1000010110110100
								1000110010100100
								1000010110001100
									1000010110010000
										1000110010000000
										1000000100011000
											1000000100000100
							1100110100001100
								1100010000011100
								1101110000000100
									1000111000000100
								1100110100010000
						1000000111110110
							1000100011100110
								1000100100100110
									1000100100101000
								1000100011101000
							1000000111001110
								1000000111010010
									1000100011000010
										1000100100000010
							1000000111111000
								1000000111100100
									1000100101100000
						1100100101001110
							1100000001011110
							1101100001000110
								1000101001000110
							1100100101010010
						1100100101111000
							1100100101100100
					1010010110110110
						1010110010100110
							1010110010101000
						1010010110001110
							1011010010000110
							1010010110010010
								1010110010000010
						1010010110111000
							1010010110100100
								1010110100100000
					1110110100001110
						1110010000011110
						1111110000000110
							1010111000000110
						1110110100010010
					1110110100111000
						1110110100100100
				1110110011001110
					1110110011010010
						1110100001011010
							0100110001011010
								0110100000011010
									0110100000000110
										0110100000001000
								0100110001000110
									0100110001001000
							1110110000011000
								1100100001011000
									1000000011011000
										1000000011000100
											1000100001000000
									1100100001000100
								1010010010011000
									1010010010000100
										1010110000000000
								1110110000000100
							1010000011011010
								1010000011100010
								1010000011000110
									1010100001000010
									1010000011001000
							1110100001100010
							1110100001000110
								1110100001001000
				1110110011111000
					1110100010111010
						0100110010111010
					1110010001111100
					1110110011100100
						1110100001101100
							0100110001101100
								0110100000101100
									0110100000110000
								0100110001110000
							1010000011101100
								1010000011110000
							1110100001110000
			1001011111110110
				1001111011100110
					1011101010100110
						1001001110100110
							1001101100100010
								1001001000110010
								1000101000101010
								1001100010100010
							1000001010101110
							1001001110101000
								1001011100100000
						0001111010100110
							0001101000101110
								0001101000110010
									0001101000001010
							0001111010101000
								0001011000101100
						1010011010100110
							1010011010101000
						1011101010101000
							1011111000100000
								1001101001100000
							1011001000101100
					1001111100100110
						1001011000110110
							1001011000001110
								1001011000010010
							1001011000111000
						1000111000101110
							1001001000101110
							1000111000110010
								1000111000001010
						1001110010100110
							1001110010101000
						1001111100101000
					1001111011101000
						1001101010101010
							1000011010101010
						1001011001101100
							1001011001110000
				1011001110110110
					0001011110110110
						0001001100111110
							0001000010111110
								0001100000111010
									0001100000100110
										0001100000101000
						0001111100110010
							0011011000110010
								0011011000001010
							0000111000111010
							0001110010110010
								0001110010001010
							0001111100001010
						0000011010111110
						0001011110001110
							0001011110010010
								0001111010000010
								0001001100011010
									0001001100000110
										0001001100001000
								0000011010011010
						0001011110111000
							0001011110100100
								0001001100101100
									0001000010101100
										0001000010110000
									0001001100110000
										0001101000100000
								0001111100100000
									0011011000100000
									0001110010100000
								0000011010101100
									0001010010001100
					1011101100110010
						1010101000111010
							1000001100111010
						1011100010110010
							1001000110110010
								1001000110001010
							1011100010001010
						1011101100001010
					1010001010111110
					1011001001110110
						1011011000110100
							1001001001110100
						1011001001111000
							1011001001100100
					1011001110001110
						1011011100000110
							1001001101000110
								1001011100000100
								1001001101001000
							1011011100001000
						1011001110010010
							1011101010000010
								1001001110000010
							1010001010011010
					1011001110111000
						1011011100110000
							1001001101110000
						1011001110100100
							1011101100100000
								1010011100100000
									1011010100000000
								1011100010100000
									1001000110100000
							1010001010101100
								1011000010001100
				1001111101110010
					1011011001110010
						1011011001001010
					1000111001111010
						1001001001111010
						1000111001100110
							1000111001101000
					1001110011110010
						1001110100110010
							1000110000111010
							1001110100001010
						1001110011001010
					1001111101001010
						1001011001011010
				1000011011111110
					1000011100111110
						1000010010111110
				1001011111001110
					1001011111010010
						1001111011000010
							1001111100000010
						1001001101011010
							1001011100011000
								1001010010011000
							1001000011011010
							1001001101100010
						1000011011011010
							1000011100011010
								1000010010011010
				1001011111111000
					1001001110111010
					1001011111100100
						1001001101101100
						1001111101100000
							1001110011100000
						1000011011101100
							1001010011001100
			1011101001111110
				0001111001111110
					0011101000111110
						0010011000111110
							1000001000111110
				1011111000111100
					1001101001111100
						1000011001111100
							1001010001011100
					1011111000110010
						1011111000001010
				1010011001111110
					1011010001011110
			1011111100110110
				1001101101110110
					1001111100110100
						1000111000111100
							1001001000111100
						1001111100001100
							1001011000011100
							1001111100010000
								1000111000011000
									1001001000011000
					1000101001111110
					1000011101110110
						1001010101010110
							1001010101011000
								1001010101000100
						1000011101111000
							1000011101100100
					1001101101001110
						1001001001011110
						1001101101010010
							1000101001011010
					1001101101111000
						1001101101100100
							1000101001101100
								1001100001001100
				1010111000111110
					1011110000011110
					1011001000111110
						0001011000111110
				1011110010110110
					1001010110110110
						1001010110001110
							1001010110010010
						1001010110111000
							1001010110100100
					1011100000111110
						0001110000111110
					1011110010001110
						1011110010010010
					1011110010111000
						1011110010100100
							1011100000101100
				1011111100001110
					1011011000011110
					1011111100010010
						1010111000011010
				1011111100111000
					1011111100100100
						1010111000101100
							1011110000001100
			1011111011001110
				1011111011010010
					1011101001011010
						0001111001011010
							0011101000011010
								0010011000011010
								0011101000000110
									0011101000001000
							0001111001000110
								0001111001001000
						1011111000011000
							1001101001011000
								1001101001000100
							1011111000000100
						1010011001011010
							1010011001100010
						1011101001100010
						1011101001000110
							1011101001001000
			1011111011111000
				1011101010111010
					0001111010111010
					1010011010111010
						1011010010011010
						1000001011111010
							1000011010111000
				1011011001111100
				1011111011100100
					1011101001101100
						0001111001101100
							0011101000101100
								0011101000110000
							0001111001110000
						1010011001101100
							1011010001001100
						1011101001110000
		1011001111111110
			1110000111111110
				0011000111111110
					0011100011101110
						0001000111101110
							0001010110101100
								0001010110110000
									0001000100111000
										0001000100100100
									0001010110001000
								0001010110100010
							0001100101101010
							0001001001101110
								0100000001101110
							0001000111110010
								0001100011100010
								0001000111001010
									0001010101000010
										0011000100000010
						0011110010101100
							1001100010101100
								1001100010110000
									1001100010001000
							0001100011101100
								0001110001100100
									0011100000100100
								0001100100101100
									0001100100110000
										0000100000111000
											0000100000100100
										0001100100001000
								0001100011110000
									0001100011001000
							0011110010110000
								0011100000111000
								0011110010001000
							0011110010100010
						0011100011110010
							0011100011001010
								0011110001000010
					0011010101110110
						0011010101001110
							0011010101010010
						0011010101111000
							0011010101100100
					0011010110111100
						1001000110111100
						0001000111111100
							0001010101110100
								0011000100110100
									0011000100001100
										0011000100010000
								0001000100110110
								0001010101001100
									0001010101010000
							0001001001111100
								0100000001111100
						0011011000111100
							0110010000111100
						0011010110110010
							0011010110001010
					0011100101111010
						0010010101111010
							0010010101100110
								0010010101101000
						0011100101100110
							0010100001101110
								0010100001110010
									0010100001001010
							0011100101101000
					0011001001111110
						0110000001111110
				1110100011101110
					1100000111101110
						1100010110101100
							1100011000101100
								1100011000110000
									1100011000001000
								1100011000100010
							1100010110110000
								1100110010100000
									1100100000101000
								1100000100111000
									1100000100100100
								1100010110001000
							1100010110100010
						1100100101101010
						1100001001101110
							1100001001110010
								1100001001001010
						1100000111110010
							1100100011100010
							1100000111001010
								1100010101000010
									1110000100000010
										0100010100000010
					0100110011101110
						0110100010101110
							0100000110101110
								0100100100101010
									0000000110101010
								0100001000101110
									0100001000110010
										0100001000001010
								0100000110110010
									0100100010100010
									0100000110001010
							0110110000100110
								1100100000100110
								0100100001100110
									0100110000100100
									0100100001101000
								0110110000101000
							0110100010110010
								0110100010001010
									0110110000000010
										0100100001000010
											0100110000000000
						0101000011101110
							0000001011101110
								0001000011001110
									0001000011010010
								0000101001101010
								0000001100101110
								0000001011110010
									0000001011001010
							0101010010101100
								0101010010100010
							0101100001101010
							0101000100101110
							0101000011110010
								0101000011001010
						0100110100101110
							0110010000101110
						0100110011110010
							0100100001111010
								0100110000111000
							0100110011001010
					1110110010101100
						1100100011101100
							1100110001100100
								1110100000100100
							1100100100101100
								1000000110101100
									1000000110110000
										1000100010100000
										1000000110001000
								1100100100110000
									1100100100001000
							1100100011110000
								1100100011001000
									1100110001000000
										1110100000000000
											1100000100000000
											1010000010000000
										1000010011000000
						1111000010101100
							1111000010100010
						1110110010110000
							1110100000111000
							1110110010001000
						1110110010100010
					1110100100101110
					1110100011110010
						1110100011001010
							1110110001000010
								1010010011000010
								1111000001000010
									1010001001000010
				1110010101110110
					1110010101001110
						1110010101010010
					1110010101111000
						1110010101100100
				0100010111111110
					0110000110111110
						0110010100110110
							1100000100110110
							0100000101110110
								0100010100110100
									0100010100001100
										0100010100010000
								0100000101001110
									0100000101010010
								0100000101111000
									0100000101100100
							0110010100001110
								0110010100010010
							0110010100111000
								0110010100100100
						0110100100111010
							0010000110111010
								0010100010101010
								0010000110100110
									0010100100100010
									0010000110101000
							0110100100100110
								0110100100101000
						0110001000111110
					0100110101111010
						0110010001111010
							0110010001100110
								0110010001101000
						0000010111111010
							0000110011101010
							0000010111100110
								0000110101100010
								0000010111101000
						0101000101111010
							0000001101111010
								0000001101100110
									0000001101101000
							0101000101100110
								0101000101101000
						0100110101100110
							0100110101101000
					0100011001111110
				1110010110111100
					1100000111111100
						1100010101110100
							1110000100110100
								1110000100001100
									1110000100010000
							1100010101001100
								1100010101010000
						1100001001111100
					1110011000111100
						1110011000110010
							1110011000001010
					1110010110110010
						1110010110001010
				1110100101111010
					1010000111111010
						1010100011101010
						1010000111100110
							1010100101100010
							1010000111101000
								1010010101100000
					1110100101100110
						1110100101101000
				1110001001111110
			1011101011101110
				1001001111101110
					1001011110101100
						1001011110110000
							1001111010100000
								1001101000101000
							1001001100111000
								1001000010111000
								1001001100100100
							1001011110001000
						1001011110100010
					1001101101101010
						1001100011101010
							1001100100101010
					1001001111110010
						1001101011100010
						1001001111001010
							1001011101000010
								1011001100000010
									0001011100000010
				0001111011101110
					0011101010101110
						0001001110101110
							0001101100101010
							0001001110110010
								0001101010100010
								0001001110001010
						0011111000100110
							1001101000100110
							0001101001100110
								0001111000100100
								0001101001101000
							0011111000101000
						0010011010101110
							0011010010001110
								0011010010010010
							0010111000101010
							0010011010110010
								0010011010001010
						0011101010110010
							0011101010001010
								0011111000000010
									0001101001000010
										0001111000000000
					0001111100101110
						0011011000101110
						0001110010101110
					0001111011110010
						0001101001111010
							0001111000111000
						0001111011001010
				1011111010101100
					1001101011101100
						1001111001100100
							1011101000100100
						1001101100101100
							1001101100110000
								1000101000111000
								1001101100001000
						1001101011110000
							1001101011001000
								1001111001000000
									1011101000000000
										1001001100000000
					1011111010110000
						1011101000111000
						1011111010001000
					1011111010100010
				1011101100101110
					1011100010101110
						1001000110101110
				1011101011110010
					1011101011001010
						1011111001000010
			1011011101110110
				1011011101001110
					1011011101010010
				1011011101111000
					1011001100111010
						0001011100111010
					1011011101100100
			0001011111111110
				0011001110111110
					0011011100110110
						1001001100110110
							1001000010110110
						0001001101110110
							0001011100110100
								0001010010110100
								0001011100001100
									0001011100010000
							0001000011110110
								0001000011111000
									0001000011100100
							0001001101001110
								0001001101010010
							0001001101111000
								0001001101100100
						0011010010110110
							0011010010111000
								0011010010100100
						0011011100001110
							0011011100010010
						0011011100111000
							0011011100100100
					0011101100111010
						0010011100111010
							0011010100011010
								0011010100100010
							0010011100100110
								0010011100101000
						0011101100100110
							0010101000101110
							0011101100101000
				0001111101111010
					0011011001111010
						0011011001100110
							0011011001101000
					0001110011111010
						0001110100111010
							0011010000111010
					0001111101100110
						0000111001101110
						0001111101101000
			1011011110111100
				1001001111111100
					1001011101110100
						1011001100110100
							1011000010110100
							1011001100001100
								1011001100010000
						1001010011110100
						1001011101001100
							1001011101010000
				1011011110110010
					1011011110001010
			1011101101111010
				1010011101111010
					1011010101011010
				1011100011111010
					1001000111111010
						1001000111100110
							1001000111101000
					1011100100111010
						1011100100100110
							1011100100101000
					1011100011100110
						1011100011101000
				1011101101100110
					1010101001101110
						1011100001001110
					1011101101101000
	1101101111111110
		1111001011111110
			0101011011111110
				0111001010111110
					0111011000110110
						1101001000110110
							1101001000001110
								1101001000010010
							1101001000111000
								1101001000100100
						0101001001110110
							0101011000110100
								0101011000001100
									0101011000010000
							0101001001001110
								0101001001010010
							0101001001111000
								0101001001100100
						0111011000001110
							0111011000010010
						0111011000111000
							0111011000100100
					0111101000111010
						0101001100111010
							0101101000101010
								0001001010101010
									0100000010101010
								0100011000101010
							0101001100100110
								0101001100101000
						0011001010111010
							0110000010111010
								0110000010100110
									0110000010101000
							0011001010100110
								0011001010101000
						0110011000111010
							0111010000011010
							0100001001111010
								0100001001100110
									0100001001101000
							0110011000100110
								0110011000101000
						0111101000100110
							0111101000101000
				0101111001111010
					0001011011111010
						0100010011111010
							0100010011100110
								0100010011101000
						0001011011100110
							0001011011101000
					0101111001100110
						0101111001101000
				0101011100111110
					0101111000101110
						0001011010101110
							0001011010110010
								0001011010001010
						0101111000110010
							0101111000001010
					0101010010111110
						0101110000111010
			1111011010111100
				1101001011111100
					1101011001110100
						1111001000110100
							1111001000001100
								1111001000010000
						1101011001001100
							1101011001010000
					1101101001111000
						1001001011111000
							1100000011111000
								1100000011100100
							1001001011100100
						1101101001100100
					1101001100111100
						1101101000101100
							1001001010101100
								1100000010101100
									1100000010110000
										1100000010001000
								1001001010110000
									1001001010001000
								1001001010100010
							1101101000110000
								1101101000001000
							1101101000100010
						1101000010111100
							1000001010111100
								1001000010011100
							1101100000111000
						1101001100110010
							1101001100001010
					1101001011110010
						1101011010110000
							1101011010001000
								1100010010101000
						1101001011001010
							1100000011101010
				1111111000111000
					1101011100111000
						1101111000101000
							1001011010101000
						1101010010111000
						1101011100100100
					1011011010111000
						1110010010111000
							1110010010100100
						1011011010100100
					1111111000100100
				1111011010110010
					1111011010001010
						1110010010101010
			1111101001111010
				1101001101111010
					1101101001101010
						1001001011101010
						1100011001101010
							1110001000101010
					1101000011111010
						1101000100111010
							1101100000101010
								1100010000101010
					1101001101100110
						1101001101101000
				1011001011111010
					1110000011111010
						0011000011111010
							0011000011100110
								0011000011101000
						1110000011100110
							1110000011101000
					1011001011100110
						1011001011101000
				1110011001111010
					1111010001011010
						1111010001100010
					1110011001100110
						1110011001101000
				1111101001100110
					1111101001101000
			1111001100111110
				1111101000101110
					1101001100101110
						1101000010101110
					1011001010101110
						1011001010110010
							1011001010001010
					1110011000101110
					1111101000110010
						1111101000001010
				1111000010111110
					1111100000111010
						1110010000111010
		1101111101110110
			1111101100110110
				0101111100110110
					1000111100110110
						1001110100010110
							1000110000011110
							1001110100011000
								1001110100000100
						1000110010110110
							1000110010001110
								1000110010010010
							1000110010111000
						1000111100001110
							1000011000011110
							1001111000000110
								1100110000000110
							1000111100010010
						1000111100111000
							1000111100100100
					0100111000111110
						0101110000011110
							0000111000011110
								0001001000011110
									0100000000011110
						0101001000111110
					0101110010110110
						0000111010110110
							0001110010010110
								0001100000011110
								0001110010011000
									0001110010000100
										0001100000001100
											0001100000010000
							0000101000111110
							0001001010110110
								0100000010110110
									0100000010001110
										0100000010010010
									0100000010111000
										0100000010100100
								0001001010001110
									0001001010010010
								0001001010111000
									0001001010100100
							0000111010001110
								0000111010010010
									0000101000011010
										0000101000000110
											0000101000001000
							0000111010111000
								0000111010100100
									0000101000101100
										0000101000110000
						0101100000111110
						0101110010001110
							0101110010010010
								0101100000011010
									0101100000000110
										0101100000001000
						0101110010111000
							0101110010100100
								0101100000101100
									0101100000110000
					0101111100001110
						0101011000011110
						0101111100010010
							0100111000011010
								0101001000011010
									0101001000000110
										0101001000001000
								0100111000000110
									0100111000001000
					0101111100111000
						0101111100100100
							0100111000101100
								0101110000001100
									0000111000001100
										0001001000001100
											0100000000001100
												0100000000010000
											0001001000010000
										0000111000010000
									0101110000010000
								0101001000101100
									0101001000110000
								0100111000110000
				1110101000111110
					1111100000011110
						1010101000011110
							1000001100011110
								1000101000001110
									1000101000010010
								1001001000010110
									1100000000010110
								1000000010011110
						1101000100011110
							1101100000001110
								1101100000010010
					1100001100111110
						1100101000101110
							1100101000110010
								1100101000001010
						1100000010111110
							1100100000111010
				1110011100110110
					1111010100010110
						1010011100010110
							1000001101010110
								1000011100010100
									1000010010010100
								1000000011010110
									1000000100010110
								1000001101011000
									1000001101000100
							1010010010010110
							1010011100011000
								1010011100000100
						1101000101010110
							1101010100010100
							1101000101011000
								1101000101000100
						1111010100011000
							1111010100100000
							1111010100000100
					1110111000100110
						1100011100100110
							1100010010100110
							1100011100101000
						1100101001100110
							1100111000100100
							1100101001101000
						1110111000101000
					1100001101110110
						1100011100110100
							1100010010110100
								1100010010001100
									1100010010010000
									1100010010000010
							1100011100001100
								1101011000000100
								1100011100010000
									1100111000000000
										1101001000000000
								1100011100000010
						1100000011110110
							1100000011001110
								1100000011010010
						1100001101001110
							1101001001000110
							1100001101010010
								1100101001000010
						1100001101111000
							1100001101100100
					1110010010110110
						1110010010001110
							1110010010010010
					1110011100001110
						1111011000000110
						1110011100010010
							1110111000000010
					1110011100111000
						1110011100100100
				1111100010110110
					1010101010110110
						1011100010010110
							1001000110010110
								1001100010000110
								1001000110011000
									1001000110000100
										1001100100000000
							1011100010011000
								1011100010000100
						1000001110110110
							1000101010100110
								1000101010101000
							1000101100110010
								1000100010110010
									1000100010001010
								1000101100001010
							1000001110001110
								1001001010000110
									1100000010000110
								1000001110010010
									1000101010000010
							1000001110111000
								1000001110100100
									1000101100100000
						1010101010001110
							1010101010010010
						1010101010111000
							1010101010100100
					1101000110110110
						1101100010100110
							1101100010101000
						1101100100110010
							1101100100001010
						1101000110001110
							1101000110010010
								1101100010000010
								1100000010011010
						1101000110111000
							1101000110100100
								1101100100100000
					1111100010001110
						1111100010010010
					1111100010111000
						1111100010100100
				1111101100001110
					1111001000011110
					1111101100010010
						1110101000011010
							1100001100011010
								1100001100000110
									1100001100001000
							1110101000000110
								1110101000001000
				1111101100111000
					1111101100100100
						1110101000101100
							1111100000001100
								1010101000001100
									1010101000010000
								1111100000010000
							1100001100101100
								1100001100110000
									1100101000100000
							1110101000110000
			1100111001111110
				1101110001011110
					1000111001011110
					1101110001100110
						1101110001101000
				1101001001111110
					1101011000111100
						1101011000110010
							1101011000001010
			1101110011110110
				1000111011110110
					1001110011010110
						1001110011011000
							1001100010011010
							1001110011000100
					1001001011110110
						1001011010110100
							1001011010001100
								1001011010010000
								1001011010000010
						1001001011001110
							1001001011010010
					1000111011001110
						1000111011010010
					1000111011111000
						1000101010111010
						1000111011100100
				1101100001111110
					1101110000111100
						1101110000110010
							1101110000001010
					1100010001111110
				1101110100110110
					1100110000111110
						1101000000111110
					1101110100001110
						1101010000011110
						1101110100010010
							1100110000011010
					1101110100111000
						1101110100100100
				1101110011001110
					1101110011010010
						1101100001011010
							1101110000011000
				1101110011111000
					1101100010111010
						1100010010111010
					1101010001111100
					1101110011100100
						1101100001101100
			1101111101001110
				1100110101101110
					1101000101101110
						1101010100101100
							1101010100100010
				1101011001011110
				1101111101010010
					1100111001011010
						1101001001011010
							1101011000011000
						1100111001000110
							1100111001001000
			1101111101111000
				1101101100111010
					1100011100111010
						1101010100011010
						1100111000101010
					1101101100100110
						1101101100101000
				1101111101100100
					1100111001101100
						1101110001001100
							1000111001001100
								1000111001010000
							1101110001010000
						1100111001110000
		1101111110111100
			1101111001111100
				1111101000111100
					0101111000111100
						0001011010111100
							0100010010111100
					1011001010111100
						1110000010111100
							0011000010111100
				1101101000111110
					1001001010111110
						1001101000111010
					1100011000111110
				1001011011111100
					1100010011111100
						0001010011111100
							0001110001111000
						1100110001111000
					1001111001111000
					1001011011110010
						1001011011001010
				1101111001110010
					1101111001001010
			1101111110110010
				1101011100110110
					1101111000100110
						1001011010100110
					1101010010110110
						1000011010110110
							1001010010010110
							1000011010001110
								1000011010010010
						1101010010001110
							1101010010010010
					1101011100001110
						1101011100010010
							1101111000000010
							1100011000011010
								1100011000000110
				1100111010111010
					1101110010011010
						1000111010011010
							1001001010011010
							1000111010100010
							1000111010000110
								1000111010001000
						1101110010100010
						1101110010000110
							1101110010001000
					1101001010111010
						1101001010100110
							1101001010101000
					1100111010100110
						1100111010101000
				1101111110001010
					1100110110101010
						1101000110101010
							1000001110101010
					1101011010011010
						1101011010100010
						1101011010000110
		1100011111111110
			1101010111011110
				1000011111011110
					1010001110011110
						0000011110011110
							0000111100011010
								0000110010011010
									0000110010000110
										0000100000001110
											0000100000010010
										0000110010001000
								0000111100100010
								0000111100000110
									0000111100001000
							0001011010010110
								0100010010010110
									0100010010011000
										0100010010100000
										0100010010000100
								0001011010011000
									0001011010100000
									0001011010000100
							0000011110100110
								0001010110000110
								0000011110101000
						1010101100011010
							1010100010011010
								1000000110011010
									1000000110000110
								1010100010000110
									1010100010001000
							1010101100100010
								1011100100000010
							1010101100000110
								1010101100001000
						1011001010010110
							1110000010010110
								1110000010011000
									1110000010100000
									1110000010000100
							1011001010011000
								1011001010100000
								1011001010000100
						1010001110100110
							1011000110000110
								1011000110001000
							1010001110101000
					1000111101011010
						1000110011011010
							1000110100011010
								1000110100000110
							1000110011000110
								1000110011001000
						1000111101100010
							1001110101000010
						1000111101000110
							1000111101001000
					1001011011010110
						1100010011010110
							1100010100010110
							1100010011011000
								1100010011100000
								1100010011000100
						1001011100010110
						1001011011011000
							1001011011100000
							1001011011000100
					1000011111100110
						1001010111000110
							1001010111001000
						1000011111101000
				1111000110011110
					0101010110011110
						1000010110011110
						0101110100011010
							0001010110011010
							0101110100100010
							0101110100000110
								0101110100001000
						0101010110100110
							0101010110101000
					1111100100011010
						1011000110011010
							1011000110100010
						1110010100011010
							1110010100100010
						1111100100100010
						1111100100000110
							1111100100001000
					1111000110100110
						1111000110101000
				1101110101011010
					1001010111011010
						1001010111100010
					1101110101100010
					1101110101000110
						1101110101001000
				1101010111100110
					1101010111101000
			1100111011101110
				1110101010101110
					1100001110101110
						1100101100101010
						1100001110110010
							1100101010100010
							1100001110001010
								1101001010000010
					0100111010101110
						0101001010101110
							0101001010110010
								0101001010001010
						0100111010110010
							0100101000111010
								0100101000100110
									0100101000101000
							0100111010001010
					1110101010110010
						1110101010001010
				1101001011101110
					1101011010101100
				1100111100101110
					1000011110101110
						1000111100101010
							1000110010101010
						1000011110110010
							1000011110001010
					1100110010101110
						1100110010110010
							1100110010001010
					1100111100110010
						1100111100001010
				1100111011110010
					1100101001111010
						1100111000111000
					1100111011001010
			1110001110111110
				0100011110111110
					0100111100111010
						0000011110111010
							0000111010101010
						0100111100100110
							0100111100101000
								0101111000100000
					0101011010110110
						0101011010001110
							0101011010010010
						0101011010111000
							0101011010100100
				1110101100111010
					1010001110111010
						1010101010101010
					1110101100100110
						1110101100101000
							1111101000100000
								1101001100100000
								1110011000100000
									1100001001100000
				1111001010110110
					1111001010001110
						1111001010010010
					1111001010111000
						1111001010100100
			1100111101111010
				1000011111111010
					1000111011101010
				1100110011111010
					1100110100111010
						1000010110111010
				1100111101100110
					1100111101101000
						1101111001100000
			1101011011110110
				1101011011001110
					1101011011010010
				1101011011111000
					1101011011100100
